0.05 0.498549 0.0154507
0.15 0.437189 0.0152033
0.25 0.372631 0.0148574
0.35 0.392608 0.0144575
0.45 0.351345 0.0140396
0.55 0.29065 0.0136139
0.65 0.289727 0.0131873
0.75 0.237828 0.0127723
0.85 0.22616 0.0123521
0.95 0.182381 0.0119345
1.05 0.131807 0.0114972
1.15 0.139155 0.0110426
1.25 0.0649819 0.0105829
1.35 0.101237 0.0100937
1.45 0.0446295 0.00957022
1.55 0.0710655 0.00901231
1.65 0.0272839 0.00840032
1.75 0.0308477 0.00770845
1.85 0.00318147 0.00692576
1.95 0.0128055 0.00605242
2.05 0.00147022 0.00504807
2.15 0.0079663 0.00389566
2.25 0.0031907 0.00260148
2.35 -0.00047462 0.00118707
2.45 -8.04601e-05 0.000120797
2.55 0 0
0.391813
